Export as Link:
https://tinyurl.com/y64z65ep

Export as Text:
$ 1 0.000005 10.20027730826997 50 5 43 5e-11
s 336 80 400 80 0 0 false
w 192 80 192 144 0
v 304 336 304 80 0 0 40 9 0 0 0.5
s 256 80 208 80 0 0 false
w 192 176 192 352 0
w 416 80 416 160 0
w 416 192 416 352 0
w 416 80 400 80 0
w 336 80 304 80 0
w 192 80 208 80 0
w 256 80 304 80 0
178 272 400 224 400 6 1 0.2 -0.000008999754569125517 0.05 1000000 0.02 20 0.015 0.005 0
178 400 400 352 400 6 1 0.2 -0.25001223671192246 0.05 1000000 0.02 20 0.015 0.005 1
w 192 384 192 352 0
w 416 400 416 352 0
181 192 144 192 176 0 325.27043463692036 100 120 0.4 0.4
181 416 160 416 192 0 300.186728663042 100 120 0.4 0.4
w 192 384 224 384 0
w 416 400 400 400 0
w 272 432 304 432 0
w 304 432 304 336 0
w 400 432 416 432 0
w 416 432 416 464 0
w 416 464 304 464 0
w 304 448 304 432 0
w 304 464 304 448 0
w 224 432 208 432 0
w 208 432 208 480 0
w 208 480 336 480 0
w 336 480 336 384 0
w 336 384 352 384 0
w 352 432 320 432 0
w 320 432 320 400 0
w 320 400 272 400 0
